1 8 66
1 16 61
2 3 29
2 15 41
2 16 60
3 14 64
3 19 47
4  13 31
4 14 22
4 100 75
5 11 40
5 13 21
5 26 37
6 10 57
6 12 33
6 25 53
6 45 60
7 10 66
7 11 37
7 37 62
8 9 43
8 17 42
8 46 72
9 10 60
9 11 38
9 17 28
10 18 40
11 12 73
12 13 72
12 14 51
13 14 78
14 15 44
14 18 22
15 16 49
16 17 79
17 18 49
19 27 77
19 34 68
20 28 38
21 28 43
21 29 67
22 29 43
22 30 38
22 59 61
23 30 61
23 31 51
23 60 54
24 30 38
24 31 59
24 83 62
25 32 75
25 33 20
25 38 66
26 33 35
27 35 50
28 29 43
28 35 56
29 30 57
29 36 40
30 31 24
31 32 45
31 36 53
32 33 75
33 36 23
34 35 76
34 36 73
35 36 45
37 48 64
37 59 62
38 49 61
38 54 78
38 68 49
39 54 50
39 55 73
39 82 71
39 102 26
40 55 24
40 56 41
40 57 50
40 81 28
41 57 75
41 58 31
41 83 24
42 57 47
42 58 22
43 51 46
43 58 65
44 51 64
44 52 34
45 47 47
45 51 77
46 47 24
46 48 45
47 48 47
47 50 67
47 51 23
48 49 23
48 50 49
49 54 32
50 52 37
50 56 73
51 58 37
52 53 54
52 57 57
52 58 34
53 54 22
53 56 39
54 55 41
55 56 53
55 57 78
56 58 25
59 69 45
59 76 52
60 74 47
60 76 38
61 74 74
61 75 35
62 73 37
62 74 28
63 72 35
63 73 54
64 66 42
64 71 51
64 72 28
64 98 68
65 66 35
65 71 29
65 101 23
66 70 43
66 99 76
67 69 59
67 70 32
67 77 74
68 69 24
68 70 22
69 70 75
69 75 43
69 76 62
70 71 29
70 75 74
71 74 25
72 73 44
72 75 25
74 75 47
77 83 73
77 86 72
77 103 77
78 86 76
78 87 61
78 102 47
79 91 30
79 93 33
79 94 55
80 90 28
80 91 47
80 92 23
81 89 49
81 90 56
82 84 32
82 89 38
83 84 26
83 85 53
84 88 41
84 89 65
85 87 63
85 92 65
86 87 30
86 88 73
87 92 44
87 93 37
88 89 74
89 92 28
91 92 64
91 93 32
94 104 66
94 105 41
95 105 71
95 106 31
96 106 25
96 108 36
97 108 73
97 110 40
98 109 49
98 114 23
99 109 73
99 114 76
100 112 77
100 114 74
101 111 47
101 113 61
102 104 39
102 112 65
103 104 76
103 112 75
104 105 22
104 107 61
104 113 23
105 106 28
105 107 28
105 111 31
106 108 66
107 108 33
107 110 67
107 111 64
108 109 23
109 110 59
110 111 60
110 114 71
111 112 32
113 114 27