1 19
1 22
2 11
2 67
3 19
3 20
3 22
3 29
4 9
4 14
4 27
5 26
5 57
6 47
6 49
6 73
7 26
7 39
8 10
8 20
8 64
9 38
9 39
10 37
11 51
12 17
12 54
13 27
13 52
14 24
15 21
15 36
15 65
16 18
16 33
16 73
17 18
17 70
18 49
19 26
19 30
19 44
20 45
20 56
21 70
22 57
22 71
23 29
23 32
23 43
24 33
24 52
24 53
25 31
25 51
27 46
28 45
28 66
28 72
29 48
29 56
30 34
31 40
32 58
32 61
33 38
33 66
34 38
35 69
35 74
36 37
37 45
39 68
40 41
40 62
40 75
41 47
42 52
42 75
43 55
43 56
43 59
44 72
46 74
47 62
48 58
48 71
49 62
50 55
50 56
50 63
53 73
54 67
59 60
60 61
62 67
63 64
65 66
68 69